0 109782 44143 8806 459 0 0 0 0 0 0 0 0 0 0 0 0 0 0 0 
0 80725 31603 6822 1295 42 0 0 0 0 0 0 0 0 0 0 0 0 0 0 
0 53279 20656 2912 753 133 0 0 0 0 0 0 0 0 0 0 0 0 0 0 
0 417872 157825 10906 1358 67 0 0 0 0 0 0 0 0 0 0 0 0 0 0 
0 411517 172920 36775 7016 154 0 0 0 0 0 0 0 0 0 0 0 0 0 0 
0 238809 103510 15845 4957 840 0 0 0 0 0 0 0 0 0 0 0 0 0 0 
0 375862 160848 22712 2557 160 0 0 0 0 0 0 0 0 0 0 0 0 0 0 
0 250902 117775 19689 3211 214 0 0 0 0 0 0 0 0 0 0 0 0 0 0 
0 268508 108571 6394 832 7 0 0 0 0 0 0 0 0 0 0 0 0 0 0 
0 236902 94961 6169 335 19 0 0 0 0 0 0 0 0 0 0 0 0 0 0 
0 205634 101310 7554 612 0 0 0 0 0 0 0 0 0 0 0 0 0 0 0 
0 128563 47578 989 0 0 0 0 0 0 0 0 0 0 0 0 0 0 0 0 
0 109782 44143 8806 459 0 0 0 0 0 0 0 0 0 0 0 0 0 0 0 
0 80725 31603 6822 1295 42 0 0 0 0 0 0 0 0 0 0 0 0 0 0 
0 53279 20656 2912 753 133 0 0 0 0 0 0 0 0 0 0 0 0 0 0 
0 417872 157825 10906 1358 67 0 0 0 0 0 0 0 0 0 0 0 0 0 0 
0 411517 172920 36775 7016 154 0 0 0 0 0 0 0 0 0 0 0 0 0 0 
0 238809 103510 15845 4957 840 0 0 0 0 0 0 0 0 0 0 0 0 0 0 
0 375862 160848 22712 2557 160 0 0 0 0 0 0 0 0 0 0 0 0 0 0 
0 250902 117775 19689 3211 214 0 0 0 0 0 0 0 0 0 0 0 0 0 0 
0 268508 108571 6394 832 7 0 0 0 0 0 0 0 0 0 0 0 0 0 0 
0 236902 94961 6169 335 19 0 0 0 0 0 0 0 0 0 0 0 0 0 0 
0 205634 101310 7554 612 0 0 0 0 0 0 0 0 0 0 0 0 0 0 0 
0 128563 47578 989 0 0 0 0 0 0 0 0 0 0 0 0 0 0 0 0 
